,State,ID,Duration,Abs,thumb_flex,index_flex,middle_flex,ring_flex,pinky_flex,thumb_extend,index_extend,middle_extend,ring_extend,pinky_extend,wrist_flex,wrist_extend,wrist_adduction,wrist_abduction,wrist_pronation
0,Baseline,-1,5,5,0,0,0,0,0,0,0,0,0,0,0,0,0,0,0.5
1,Neutral,0,1,6,0,0,0,0,0,0,0,0,0,0,0,0,0,0,0.5
2,Neutral,0,1,7,0,0,0,0,0,0,0,0,0,0,0,0,0,0,0.5
3,ThumbFingers,6,2,9,1,0,0,0,0,0,1,1,1,1,0,0,0,0,0.5
4,Neutral,0,1,10,0,0,0,0,0,0,0,0,0,0,0,0,0,0,0.5
5,Neutral,0,1,11,0,0,0,0,0,0,0,0,0,0,0,0,0,0,0.5
6,Close,1,2,13,1,1,1,1,1,0,0,0,0,0,0,0,0,0,0.5
7,Neutral,0,1,14,0,0,0,0,0,0,0,0,0,0,0,0,0,0,0.5
8,Neutral,0,1,15,0,0,0,0,0,0,0,0,0,0,0,0,0,0,0.5
9,Open,2,2,17,0,0,0,0,0,1,1,1,1,1,0,0,0,0,0.5
10,Neutral,0,1,18,0,0,0,0,0,0,0,0,0,0,0,0,0,0,0.5
11,Neutral,0,1,19,0,0,0,0,0,0,0,0,0,0,0,0,0,0,0.5
12,Pinch,7,2,21,1,1,0,0,0,0,0,1,1,1,0,0,0,0,0.5
13,Neutral,0,1,22,0,0,0,0,0,0,0,0,0,0,0,0,0,0,0.5
14,Neutral,0,1,23,0,0,0,0,0,0,0,0,0,0,0,0,0,0,0.5
15,Indication,8,2,25,0,0,1,1,1,1,1,0,0,0,0,0,0,0,0.5
16,Neutral,0,1,26,0,0,0,0,0,0,0,0,0,0,0,0,0,0,0.5
17,Neutral,0,1,27,0,0,0,0,0,0,0,0,0,0,0,0,0,0,1.0
18,Neutral,0,1,28,0,0,0,0,0,0,0,0,0,0,0,0,0,0,1.0
19,ThumbFingers,6,2,30,1,0,0,0,0,0,1,1,1,1,0,0,0,0,1.0
20,Neutral,0,1,31,0,0,0,0,0,0,0,0,0,0,0,0,0,0,1.0
21,Neutral,0,1,32,0,0,0,0,0,0,0,0,0,0,0,0,0,0,1.0
22,Close,1,2,34,1,1,1,1,1,0,0,0,0,0,0,0,0,0,1.0
23,Neutral,0,1,35,0,0,0,0,0,0,0,0,0,0,0,0,0,0,1.0
24,Neutral,0,1,36,0,0,0,0,0,0,0,0,0,0,0,0,0,0,1.0
25,Open,2,2,38,0,0,0,0,0,1,1,1,1,1,0,0,0,0,1.0
26,Neutral,0,1,39,0,0,0,0,0,0,0,0,0,0,0,0,0,0,1.0
27,Neutral,0,1,40,0,0,0,0,0,0,0,0,0,0,0,0,0,0,1.0
28,Pinch,7,2,42,1,1,0,0,0,0,0,1,1,1,0,0,0,0,1.0
29,Neutral,0,1,43,0,0,0,0,0,0,0,0,0,0,0,0,0,0,1.0
30,Neutral,0,1,44,0,0,0,0,0,0,0,0,0,0,0,0,0,0,1.0
31,Indication,8,2,46,0,0,1,1,1,1,1,0,0,0,0,0,0,0,1.0
32,Neutral,0,1,47,0,0,0,0,0,0,0,0,0,0,0,0,0,0,1.0
33,Neutral,0,1,48,0,0,0,0,0,0,0,0,0,0,0,0,0,0,0.5
34,Neutral,0,1,49,0,0,0,0,0,0,0,0,0,0,0,0,0,0,0.5
35,ThumbFingers,6,2,51,1,0,0,0,0,0,1,1,1,1,0,0,0,0,0.5
36,Neutral,0,1,52,0,0,0,0,0,0,0,0,0,0,0,0,0,0,0.5
37,Neutral,0,1,53,0,0,0,0,0,0,0,0,0,0,0,0,0,0,0.5
38,Close,1,2,55,1,1,1,1,1,0,0,0,0,0,0,0,0,0,0.5
39,Neutral,0,1,56,0,0,0,0,0,0,0,0,0,0,0,0,0,0,0.5
40,Neutral,0,1,57,0,0,0,0,0,0,0,0,0,0,0,0,0,0,0.5
41,Open,2,2,59,0,0,0,0,0,1,1,1,1,1,0,0,0,0,0.5
42,Neutral,0,1,60,0,0,0,0,0,0,0,0,0,0,0,0,0,0,0.5
43,Neutral,0,1,61,0,0,0,0,0,0,0,0,0,0,0,0,0,0,0.5
44,Pinch,7,2,63,1,1,0,0,0,0,0,1,1,1,0,0,0,0,0.5
45,Neutral,0,1,64,0,0,0,0,0,0,0,0,0,0,0,0,0,0,0.5
46,Neutral,0,1,65,0,0,0,0,0,0,0,0,0,0,0,0,0,0,0.5
47,Indication,8,2,67,0,0,1,1,1,1,1,0,0,0,0,0,0,0,0.5
48,Neutral,0,1,68,0,0,0,0,0,0,0,0,0,0,0,0,0,0,0.5
49,Neutral,0,1,69,0,0,0,0,0,0,0,0,0,0,0,0,0,0,1.0
50,Neutral,0,1,70,0,0,0,0,0,0,0,0,0,0,0,0,0,0,1.0
51,ThumbFingers,6,2,72,1,0,0,0,0,0,1,1,1,1,0,0,0,0,1.0
52,Neutral,0,1,73,0,0,0,0,0,0,0,0,0,0,0,0,0,0,1.0
53,Neutral,0,1,74,0,0,0,0,0,0,0,0,0,0,0,0,0,0,1.0
54,Close,1,2,76,1,1,1,1,1,0,0,0,0,0,0,0,0,0,1.0
55,Neutral,0,1,77,0,0,0,0,0,0,0,0,0,0,0,0,0,0,1.0
56,Neutral,0,1,78,0,0,0,0,0,0,0,0,0,0,0,0,0,0,1.0
57,Open,2,2,80,0,0,0,0,0,1,1,1,1,1,0,0,0,0,1.0
58,Neutral,0,1,81,0,0,0,0,0,0,0,0,0,0,0,0,0,0,1.0
59,Neutral,0,1,82,0,0,0,0,0,0,0,0,0,0,0,0,0,0,1.0
60,Pinch,7,2,84,1,1,0,0,0,0,0,1,1,1,0,0,0,0,1.0
61,Neutral,0,1,85,0,0,0,0,0,0,0,0,0,0,0,0,0,0,1.0
62,Neutral,0,1,86,0,0,0,0,0,0,0,0,0,0,0,0,0,0,1.0
63,Indication,8,2,88,0,0,1,1,1,1,1,0,0,0,0,0,0,0,1.0
64,Neutral,0,1,89,0,0,0,0,0,0,0,0,0,0,0,0,0,0,1.0
65,Neutral,0,1,90,0,0,0,0,0,0,0,0,0,0,0,0,0,0,0.5
66,Neutral,0,1,91,0,0,0,0,0,0,0,0,0,0,0,0,0,0,0.5
67,ThumbFingers,6,2,93,1,0,0,0,0,0,1,1,1,1,0,0,0,0,0.5
68,Neutral,0,1,94,0,0,0,0,0,0,0,0,0,0,0,0,0,0,0.5
69,Neutral,0,1,95,0,0,0,0,0,0,0,0,0,0,0,0,0,0,0.5
70,Close,1,2,97,1,1,1,1,1,0,0,0,0,0,0,0,0,0,0.5
71,Neutral,0,1,98,0,0,0,0,0,0,0,0,0,0,0,0,0,0,0.5
72,Neutral,0,1,99,0,0,0,0,0,0,0,0,0,0,0,0,0,0,0.5
73,Open,2,2,101,0,0,0,0,0,1,1,1,1,1,0,0,0,0,0.5
74,Neutral,0,1,102,0,0,0,0,0,0,0,0,0,0,0,0,0,0,0.5
75,Neutral,0,1,103,0,0,0,0,0,0,0,0,0,0,0,0,0,0,0.5
76,Pinch,7,2,105,1,1,0,0,0,0,0,1,1,1,0,0,0,0,0.5
77,Neutral,0,1,106,0,0,0,0,0,0,0,0,0,0,0,0,0,0,0.5
78,Neutral,0,1,107,0,0,0,0,0,0,0,0,0,0,0,0,0,0,0.5
79,Indication,8,2,109,0,0,1,1,1,1,1,0,0,0,0,0,0,0,0.5
80,Neutral,0,1,110,0,0,0,0,0,0,0,0,0,0,0,0,0,0,0.5
81,Neutral,0,1,111,0,0,0,0,0,0,0,0,0,0,0,0,0,0,1.0
82,Neutral,0,1,112,0,0,0,0,0,0,0,0,0,0,0,0,0,0,1.0
83,ThumbFingers,6,2,114,1,0,0,0,0,0,1,1,1,1,0,0,0,0,1.0
84,Neutral,0,1,115,0,0,0,0,0,0,0,0,0,0,0,0,0,0,1.0
85,Neutral,0,1,116,0,0,0,0,0,0,0,0,0,0,0,0,0,0,1.0
86,Close,1,2,118,1,1,1,1,1,0,0,0,0,0,0,0,0,0,1.0
87,Neutral,0,1,119,0,0,0,0,0,0,0,0,0,0,0,0,0,0,1.0
88,Neutral,0,1,120,0,0,0,0,0,0,0,0,0,0,0,0,0,0,1.0
89,Open,2,2,122,0,0,0,0,0,1,1,1,1,1,0,0,0,0,1.0
90,Neutral,0,1,123,0,0,0,0,0,0,0,0,0,0,0,0,0,0,1.0
91,Neutral,0,1,124,0,0,0,0,0,0,0,0,0,0,0,0,0,0,1.0
92,Pinch,7,2,126,1,1,0,0,0,0,0,1,1,1,0,0,0,0,1.0
93,Neutral,0,1,127,0,0,0,0,0,0,0,0,0,0,0,0,0,0,1.0
94,Neutral,0,1,128,0,0,0,0,0,0,0,0,0,0,0,0,0,0,1.0
95,Indication,8,2,130,0,0,1,1,1,1,1,0,0,0,0,0,0,0,1.0
96,Neutral,0,1,131,0,0,0,0,0,0,0,0,0,0,0,0,0,0,1.0
97,Neutral,0,1,132,0,0,0,0,0,0,0,0,0,0,0,0,0,0,0.5
98,Neutral,0,1,133,0,0,0,0,0,0,0,0,0,0,0,0,0,0,0.5
99,ThumbFingers,6,2,135,1,0,0,0,0,0,1,1,1,1,0,0,0,0,0.5
100,Neutral,0,1,136,0,0,0,0,0,0,0,0,0,0,0,0,0,0,0.5
101,Neutral,0,1,137,0,0,0,0,0,0,0,0,0,0,0,0,0,0,0.5
102,Close,1,2,139,1,1,1,1,1,0,0,0,0,0,0,0,0,0,0.5
103,Neutral,0,1,140,0,0,0,0,0,0,0,0,0,0,0,0,0,0,0.5
104,Neutral,0,1,141,0,0,0,0,0,0,0,0,0,0,0,0,0,0,0.5
105,Open,2,2,143,0,0,0,0,0,1,1,1,1,1,0,0,0,0,0.5
106,Neutral,0,1,144,0,0,0,0,0,0,0,0,0,0,0,0,0,0,0.5
107,Neutral,0,1,145,0,0,0,0,0,0,0,0,0,0,0,0,0,0,0.5
108,Pinch,7,2,147,1,1,0,0,0,0,0,1,1,1,0,0,0,0,0.5
109,Neutral,0,1,148,0,0,0,0,0,0,0,0,0,0,0,0,0,0,0.5
110,Neutral,0,1,149,0,0,0,0,0,0,0,0,0,0,0,0,0,0,0.5
111,Indication,8,2,151,0,0,1,1,1,1,1,0,0,0,0,0,0,0,0.5
112,Neutral,0,1,152,0,0,0,0,0,0,0,0,0,0,0,0,0,0,0.5
113,Neutral,0,1,153,0,0,0,0,0,0,0,0,0,0,0,0,0,0,1.0
114,Neutral,0,1,154,0,0,0,0,0,0,0,0,0,0,0,0,0,0,1.0
115,ThumbFingers,6,2,156,1,0,0,0,0,0,1,1,1,1,0,0,0,0,1.0
116,Neutral,0,1,157,0,0,0,0,0,0,0,0,0,0,0,0,0,0,1.0
117,Neutral,0,1,158,0,0,0,0,0,0,0,0,0,0,0,0,0,0,1.0
118,Close,1,2,160,1,1,1,1,1,0,0,0,0,0,0,0,0,0,1.0
119,Neutral,0,1,161,0,0,0,0,0,0,0,0,0,0,0,0,0,0,1.0
120,Neutral,0,1,162,0,0,0,0,0,0,0,0,0,0,0,0,0,0,1.0
121,Open,2,2,164,0,0,0,0,0,1,1,1,1,1,0,0,0,0,1.0
122,Neutral,0,1,165,0,0,0,0,0,0,0,0,0,0,0,0,0,0,1.0
123,Neutral,0,1,166,0,0,0,0,0,0,0,0,0,0,0,0,0,0,1.0
124,Pinch,7,2,168,1,1,0,0,0,0,0,1,1,1,0,0,0,0,1.0
125,Neutral,0,1,169,0,0,0,0,0,0,0,0,0,0,0,0,0,0,1.0
126,Neutral,0,1,170,0,0,0,0,0,0,0,0,0,0,0,0,0,0,1.0
127,Indication,8,2,172,0,0,1,1,1,1,1,0,0,0,0,0,0,0,1.0
128,Neutral,0,1,173,0,0,0,0,0,0,0,0,0,0,0,0,0,0,1.0
129,Neutral,0,1,174,0,0,0,0,0,0,0,0,0,0,0,0,0,0,0.5
130,Neutral,0,1,175,0,0,0,0,0,0,0,0,0,0,0,0,0,0,0.5
131,ThumbFingers,6,2,177,1,0,0,0,0,0,1,1,1,1,0,0,0,0,0.5
132,Neutral,0,1,178,0,0,0,0,0,0,0,0,0,0,0,0,0,0,0.5
133,Neutral,0,1,179,0,0,0,0,0,0,0,0,0,0,0,0,0,0,0.5
134,Close,1,2,181,1,1,1,1,1,0,0,0,0,0,0,0,0,0,0.5
135,Neutral,0,1,182,0,0,0,0,0,0,0,0,0,0,0,0,0,0,0.5
136,Neutral,0,1,183,0,0,0,0,0,0,0,0,0,0,0,0,0,0,0.5
137,Open,2,2,185,0,0,0,0,0,1,1,1,1,1,0,0,0,0,0.5
138,Neutral,0,1,186,0,0,0,0,0,0,0,0,0,0,0,0,0,0,0.5
139,Neutral,0,1,187,0,0,0,0,0,0,0,0,0,0,0,0,0,0,0.5
140,Pinch,7,2,189,1,1,0,0,0,0,0,1,1,1,0,0,0,0,0.5
141,Neutral,0,1,190,0,0,0,0,0,0,0,0,0,0,0,0,0,0,0.5
142,Neutral,0,1,191,0,0,0,0,0,0,0,0,0,0,0,0,0,0,0.5
143,Indication,8,2,193,0,0,1,1,1,1,1,0,0,0,0,0,0,0,0.5
144,Neutral,0,1,194,0,0,0,0,0,0,0,0,0,0,0,0,0,0,0.5
145,Neutral,0,1,195,0,0,0,0,0,0,0,0,0,0,0,0,0,0,1.0
146,Neutral,0,1,196,0,0,0,0,0,0,0,0,0,0,0,0,0,0,1.0
147,ThumbFingers,6,2,198,1,0,0,0,0,0,1,1,1,1,0,0,0,0,1.0
148,Neutral,0,1,199,0,0,0,0,0,0,0,0,0,0,0,0,0,0,1.0
149,Neutral,0,1,200,0,0,0,0,0,0,0,0,0,0,0,0,0,0,1.0
150,Close,1,2,202,1,1,1,1,1,0,0,0,0,0,0,0,0,0,1.0
151,Neutral,0,1,203,0,0,0,0,0,0,0,0,0,0,0,0,0,0,1.0
152,Neutral,0,1,204,0,0,0,0,0,0,0,0,0,0,0,0,0,0,1.0
153,Open,2,2,206,0,0,0,0,0,1,1,1,1,1,0,0,0,0,1.0
154,Neutral,0,1,207,0,0,0,0,0,0,0,0,0,0,0,0,0,0,1.0
155,Neutral,0,1,208,0,0,0,0,0,0,0,0,0,0,0,0,0,0,1.0
156,Pinch,7,2,210,1,1,0,0,0,0,0,1,1,1,0,0,0,0,1.0
157,Neutral,0,1,211,0,0,0,0,0,0,0,0,0,0,0,0,0,0,1.0
158,Neutral,0,1,212,0,0,0,0,0,0,0,0,0,0,0,0,0,0,1.0
159,Indication,8,2,214,0,0,1,1,1,1,1,0,0,0,0,0,0,0,1.0
160,Neutral,0,1,215,0,0,0,0,0,0,0,0,0,0,0,0,0,0,1.0
161,Neutral,0,1,216,0,0,0,0,0,0,0,0,0,0,0,0,0,0,0.5
162,Neutral,0,1,217,0,0,0,0,0,0,0,0,0,0,0,0,0,0,0.5
163,ThumbFingers,6,2,219,1,0,0,0,0,0,1,1,1,1,0,0,0,0,0.5
164,Neutral,0,1,220,0,0,0,0,0,0,0,0,0,0,0,0,0,0,0.5
165,Neutral,0,1,221,0,0,0,0,0,0,0,0,0,0,0,0,0,0,0.5
166,Close,1,2,223,1,1,1,1,1,0,0,0,0,0,0,0,0,0,0.5
167,Neutral,0,1,224,0,0,0,0,0,0,0,0,0,0,0,0,0,0,0.5
168,Neutral,0,1,225,0,0,0,0,0,0,0,0,0,0,0,0,0,0,0.5
169,Open,2,2,227,0,0,0,0,0,1,1,1,1,1,0,0,0,0,0.5
170,Neutral,0,1,228,0,0,0,0,0,0,0,0,0,0,0,0,0,0,0.5
171,Neutral,0,1,229,0,0,0,0,0,0,0,0,0,0,0,0,0,0,0.5
172,Pinch,7,2,231,1,1,0,0,0,0,0,1,1,1,0,0,0,0,0.5
173,Neutral,0,1,232,0,0,0,0,0,0,0,0,0,0,0,0,0,0,0.5
174,Neutral,0,1,233,0,0,0,0,0,0,0,0,0,0,0,0,0,0,0.5
175,Indication,8,2,235,0,0,1,1,1,1,1,0,0,0,0,0,0,0,0.5
176,Neutral,0,1,236,0,0,0,0,0,0,0,0,0,0,0,0,0,0,0.5
177,Neutral,0,1,237,0,0,0,0,0,0,0,0,0,0,0,0,0,0,1.0
178,Neutral,0,1,238,0,0,0,0,0,0,0,0,0,0,0,0,0,0,1.0
179,ThumbFingers,6,2,240,1,0,0,0,0,0,1,1,1,1,0,0,0,0,1.0
180,Neutral,0,1,241,0,0,0,0,0,0,0,0,0,0,0,0,0,0,1.0
181,Neutral,0,1,242,0,0,0,0,0,0,0,0,0,0,0,0,0,0,1.0
182,Close,1,2,244,1,1,1,1,1,0,0,0,0,0,0,0,0,0,1.0
183,Neutral,0,1,245,0,0,0,0,0,0,0,0,0,0,0,0,0,0,1.0
184,Neutral,0,1,246,0,0,0,0,0,0,0,0,0,0,0,0,0,0,1.0
185,Open,2,2,248,0,0,0,0,0,1,1,1,1,1,0,0,0,0,1.0
186,Neutral,0,1,249,0,0,0,0,0,0,0,0,0,0,0,0,0,0,1.0
187,Neutral,0,1,250,0,0,0,0,0,0,0,0,0,0,0,0,0,0,1.0
188,Pinch,7,2,252,1,1,0,0,0,0,0,1,1,1,0,0,0,0,1.0
189,Neutral,0,1,253,0,0,0,0,0,0,0,0,0,0,0,0,0,0,1.0
190,Neutral,0,1,254,0,0,0,0,0,0,0,0,0,0,0,0,0,0,1.0
191,Indication,8,2,256,0,0,1,1,1,1,1,0,0,0,0,0,0,0,1.0
192,Neutral,0,1,257,0,0,0,0,0,0,0,0,0,0,0,0,0,0,1.0
193,Neutral,0,1,258,0,0,0,0,0,0,0,0,0,0,0,0,0,0,0.5
194,Neutral,0,1,259,0,0,0,0,0,0,0,0,0,0,0,0,0,0,0.5
195,ThumbFingers,6,2,261,1,0,0,0,0,0,1,1,1,1,0,0,0,0,0.5
196,Neutral,0,1,262,0,0,0,0,0,0,0,0,0,0,0,0,0,0,0.5
197,Neutral,0,1,263,0,0,0,0,0,0,0,0,0,0,0,0,0,0,0.5
198,Close,1,2,265,1,1,1,1,1,0,0,0,0,0,0,0,0,0,0.5
199,Neutral,0,1,266,0,0,0,0,0,0,0,0,0,0,0,0,0,0,0.5
200,Neutral,0,1,267,0,0,0,0,0,0,0,0,0,0,0,0,0,0,0.5
201,Open,2,2,269,0,0,0,0,0,1,1,1,1,1,0,0,0,0,0.5
202,Neutral,0,1,270,0,0,0,0,0,0,0,0,0,0,0,0,0,0,0.5
203,Neutral,0,1,271,0,0,0,0,0,0,0,0,0,0,0,0,0,0,0.5
204,Pinch,7,2,273,1,1,0,0,0,0,0,1,1,1,0,0,0,0,0.5
205,Neutral,0,1,274,0,0,0,0,0,0,0,0,0,0,0,0,0,0,0.5
206,Neutral,0,1,275,0,0,0,0,0,0,0,0,0,0,0,0,0,0,0.5
207,Indication,8,2,277,0,0,1,1,1,1,1,0,0,0,0,0,0,0,0.5
208,Neutral,0,1,278,0,0,0,0,0,0,0,0,0,0,0,0,0,0,0.5
209,Neutral,0,1,279,0,0,0,0,0,0,0,0,0,0,0,0,0,0,1.0
210,Neutral,0,1,280,0,0,0,0,0,0,0,0,0,0,0,0,0,0,1.0
211,ThumbFingers,6,2,282,1,0,0,0,0,0,1,1,1,1,0,0,0,0,1.0
212,Neutral,0,1,283,0,0,0,0,0,0,0,0,0,0,0,0,0,0,1.0
213,Neutral,0,1,284,0,0,0,0,0,0,0,0,0,0,0,0,0,0,1.0
214,Close,1,2,286,1,1,1,1,1,0,0,0,0,0,0,0,0,0,1.0
215,Neutral,0,1,287,0,0,0,0,0,0,0,0,0,0,0,0,0,0,1.0
216,Neutral,0,1,288,0,0,0,0,0,0,0,0,0,0,0,0,0,0,1.0
217,Open,2,2,290,0,0,0,0,0,1,1,1,1,1,0,0,0,0,1.0
218,Neutral,0,1,291,0,0,0,0,0,0,0,0,0,0,0,0,0,0,1.0
219,Neutral,0,1,292,0,0,0,0,0,0,0,0,0,0,0,0,0,0,1.0
220,Pinch,7,2,294,1,1,0,0,0,0,0,1,1,1,0,0,0,0,1.0
221,Neutral,0,1,295,0,0,0,0,0,0,0,0,0,0,0,0,0,0,1.0
222,Neutral,0,1,296,0,0,0,0,0,0,0,0,0,0,0,0,0,0,1.0
223,Indication,8,2,298,0,0,1,1,1,1,1,0,0,0,0,0,0,0,1.0
224,Neutral,0,1,299,0,0,0,0,0,0,0,0,0,0,0,0,0,0,1.0
225,Neutral,0,1,300,0,0,0,0,0,0,0,0,0,0,0,0,0,0,0.5
226,Neutral,0,1,301,0,0,0,0,0,0,0,0,0,0,0,0,0,0,0.5
227,ThumbFingers,6,2,303,1,0,0,0,0,0,1,1,1,1,0,0,0,0,0.5
228,Neutral,0,1,304,0,0,0,0,0,0,0,0,0,0,0,0,0,0,0.5
229,Neutral,0,1,305,0,0,0,0,0,0,0,0,0,0,0,0,0,0,0.5
230,Close,1,2,307,1,1,1,1,1,0,0,0,0,0,0,0,0,0,0.5
231,Neutral,0,1,308,0,0,0,0,0,0,0,0,0,0,0,0,0,0,0.5
232,Neutral,0,1,309,0,0,0,0,0,0,0,0,0,0,0,0,0,0,0.5
233,Open,2,2,311,0,0,0,0,0,1,1,1,1,1,0,0,0,0,0.5
234,Neutral,0,1,312,0,0,0,0,0,0,0,0,0,0,0,0,0,0,0.5
235,Neutral,0,1,313,0,0,0,0,0,0,0,0,0,0,0,0,0,0,0.5
236,Pinch,7,2,315,1,1,0,0,0,0,0,1,1,1,0,0,0,0,0.5
237,Neutral,0,1,316,0,0,0,0,0,0,0,0,0,0,0,0,0,0,0.5
238,Neutral,0,1,317,0,0,0,0,0,0,0,0,0,0,0,0,0,0,0.5
239,Indication,8,2,319,0,0,1,1,1,1,1,0,0,0,0,0,0,0,0.5
240,Neutral,0,1,320,0,0,0,0,0,0,0,0,0,0,0,0,0,0,0.5
241,Neutral,0,1,321,0,0,0,0,0,0,0,0,0,0,0,0,0,0,1.0
242,Neutral,0,1,322,0,0,0,0,0,0,0,0,0,0,0,0,0,0,1.0
243,ThumbFingers,6,2,324,1,0,0,0,0,0,1,1,1,1,0,0,0,0,1.0
244,Neutral,0,1,325,0,0,0,0,0,0,0,0,0,0,0,0,0,0,1.0
245,Neutral,0,1,326,0,0,0,0,0,0,0,0,0,0,0,0,0,0,1.0
246,Close,1,2,328,1,1,1,1,1,0,0,0,0,0,0,0,0,0,1.0
247,Neutral,0,1,329,0,0,0,0,0,0,0,0,0,0,0,0,0,0,1.0
248,Neutral,0,1,330,0,0,0,0,0,0,0,0,0,0,0,0,0,0,1.0
249,Open,2,2,332,0,0,0,0,0,1,1,1,1,1,0,0,0,0,1.0
250,Neutral,0,1,333,0,0,0,0,0,0,0,0,0,0,0,0,0,0,1.0
251,Neutral,0,1,334,0,0,0,0,0,0,0,0,0,0,0,0,0,0,1.0
252,Pinch,7,2,336,1,1,0,0,0,0,0,1,1,1,0,0,0,0,1.0
253,Neutral,0,1,337,0,0,0,0,0,0,0,0,0,0,0,0,0,0,1.0
254,Neutral,0,1,338,0,0,0,0,0,0,0,0,0,0,0,0,0,0,1.0
255,Indication,8,2,340,0,0,1,1,1,1,1,0,0,0,0,0,0,0,1.0
256,Neutral,0,1,341,0,0,0,0,0,0,0,0,0,0,0,0,0,0,1.0
257,Finish,-1,1,342,0,0,0,0,0,0,0,0,0,0,0,1,0,0,1.0
258,Finish,-1,1,343,0,1,1,1,1,0,0,0,0,0,0,1,0,0,1.0
259,Finish,-1,1,344,0,0,0,0,0,0,0,0,0,0,0,1,0,0,1.0
260,Finish,-1,1,345,0,1,1,1,1,0,0,0,0,0,0,1,0,0,1.0
261,Finish,-1,1,346,0,0,0,0,0,0,0,0,0,0,0,1,0,0,1.0
262,Finish,-1,1,347,0,1,1,1,1,0,0,0,0,0,0,1,0,0,1.0
